# oST version 5.0 parameters


[image]

width
640

height
480

[narrow_stereo/left]

camera matrix
498.282223 0.000000 315.096042
0.000000 498.191107 233.292049
0.000000 0.000000 1.000000

distortion
0.157296 -0.245261 0.003621 -0.002854 0.000000

rectification
0.999675 -0.003467 0.025257
0.003314 0.999976 0.006096
-0.025277 -0.006010 0.999662

projection
538.206276 0.000000 312.032703 0.000000
0.000000 538.206276 237.402449 0.000000
0.000000 0.000000 1.000000 0.000000
# oST version 5.0 parameters


[image]

width
640

height
480

[narrow_stereo/right]

camera matrix
496.901201 0.000000 319.265828
0.000000 496.743316 238.883651
0.000000 0.000000 1.000000

distortion
0.148782 -0.251896 0.001586 -0.001492 0.000000

rectification
0.999719 0.016276 -0.017227
-0.016380 0.999848 -0.005913
0.017128 0.006193 0.999834

projection
538.206276 0.000000 312.032703 -38.236473
0.000000 538.206276 237.402449 0.000000
0.000000 0.000000 1.000000 0.000000
